{
  "condition": "C4_pgdr_0.5",
  "condition_config": {
    "dr_mode": "pgdr",
    "p_star": [
      0.12894214689731598,
      0.058636270463466644,
      -0.0360708013176918,
      0.02003207430243492,
      0.11026013642549515,
      -0.8923836350440979,
      0.441112756729126,
      0.4551709294319153,
      -0.11646071076393127,
      -0.6716426610946655,
      0.06946395337581635,
      0.18147560954093933,
      0.3260307013988495,
      0.10982304811477661,
      0.6537981629371643,
      -0.09529703110456467,
      0.2782716453075409,
      -0.12330923229455948,
      -0.6860769987106323,
      0.04972964525222778,
      0.037169262766838074,
      -0.11337526142597198,
      0.7296872138977051,
      0.5578699111938477,
      0.3511495292186737,
      -0.15530969202518463,
      0.3356257677078247,
      0.28064361214637756,
      -0.11624281108379364,
      0.2021823674440384,
      -0.5414878129959106,
      -0.0826280266046524,
      0.014951705932617188,
      0.2574005722999573,
      0.3333342969417572,
      0.24599577486515045,
      0.20797201991081238,
      -1.015217900276184,
      -0.08807513862848282,
      0.11578132957220078,
      -0.4165654182434082,
      0.15843749046325684,
      -0.097635418176651,
      0.07783164829015732,
      0.706702470779419,
      0.33503058552742004,
      0.49339932203292847,
      0.32741081714630127,
      0.24974781274795532,
      -0.11602696031332016,
      -0.020427914336323738,
      -0.09470044076442719,
      0.07255136221647263,
      0.26728659868240356,
      0.06555815786123276,
      -0.4051327109336853,
      -0.06221562996506691,
      0.4176228940486908,
      -0.26035717129707336,
      -0.0945969745516777,
      0.036844052374362946,
      0.7748005390167236,
      -0.21322433650493622,
      0.0757674127817154,
      0.11551619321107864,
      -0.22608119249343872,
      -0.26801636815071106,
      0.5641771554946899,
      -0.053970661014318466,
      0.7840273380279541,
      -0.4912366271018982,
      -0.2849336266517639,
      0.1544005572795868,
      -0.7713125348091125
    ],
    "Sigma": [
      [
        0.06062452867627144,
        3.9530663343612105e-05,
        0.0001257232652278617,
        -5.110242636874318e-05,
        0.00016450464318040758,
        6.413721712306142e-05,
        0.0001428173709427938,
        0.00025959109188988805,
        4.7269237256841734e-05,
        -6.299140659393743e-05,
        -4.004901711596176e-05,
        5.309542757458985e-05,
        -0.0001527312706457451,
        -5.519886326510459e-05,
        8.338897896464914e-05,
        -0.00016023899661377072,
        -1.5543366316705942e-05,
        -0.0001022603755700402,
        8.26621544547379e-05,
        -0.0002022020344156772,
        -0.00019878488092217594,
        -2.904236225731438e-06,
        0.00015978209557943046,
        5.423423135653138e-05,
        0.00017307655070908368,
        2.6556766897556372e-05,
        7.654586806893349e-05,
        0.0001605286670383066,
        -0.00016493615112267435,
        7.323647878365591e-06,
        1.537643356641638e-06,
        -0.00010846259829122573,
        0.00012495733972173184,
        0.00012233010784257203,
        -0.00033502670703455806,
        0.0003270499873906374,
        0.00017202198796439916,
        -1.1047466614400037e-05,
        0.00022383080795407295,
        3.2147329420695314e-07,
        -9.970028622774407e-05,
        2.912431227741763e-05,
        -0.0001091531157726422,
        -0.00013786678027827293,
        -9.409493213752285e-05,
        -6.683295941911638e-05,
        0.00019952101865783334,
        -0.00015669202548451722,
        8.904112473828718e-05,
        2.887396249207086e-06,
        -5.020277603762224e-05,
        4.506217374000698e-05,
        0.0003072888939641416,
        9.441557267564349e-06,
        0.00010841032053576782,
        0.00020027087884955108,
        5.376698391046375e-05,
        -5.7661745813675225e-06,
        -0.0001194492433569394,
        -6.126866355771199e-05,
        6.82073732605204e-05,
        2.9368196919676848e-05,
        -5.8826284657698125e-05,
        0.00014644609473180026,
        -9.225761459674686e-05,
        -3.2392923458246514e-05,
        -0.0001230023626703769,
        2.889187089749612e-05,
        -2.9373442885116674e-05,
        0.00033113910467363894,
        -0.00010367437062086537,
        0.00010362215107306838,
        -0.00011949035979341716,
        -1.798865559976548e-05
      ],
      [
        3.9530663343612105e-05,
        0.060283079743385315,
        -0.00013468213728629053,
        -9.628704719943926e-05,
        0.00013823182962369174,
        -0.000123222591355443,
        1.5359359167632647e-05,
        5.756357859354466e-05,
        3.184428715030663e-05,
        -0.0001210534101119265,
        -8.664136112201959e-05,
        -0.00023498202790506184,
        0.00034275397774763405,
        9.937228605849668e-05,
        0.00011770373384933919,
        6.657307676505297e-05,
        -5.220119783189148e-05,
        0.0001249698834726587,
        -0.00023403404338750988,
        -2.9252141757751815e-06,
        0.00015248455747496337,
        -0.0002447862643748522,
        8.776305185165256e-05,
        0.00020615982066374272,
        -6.900662265252322e-05,
        -0.00023200402210932225,
        -0.00023171724751591682,
        -1.677039654168766e-05,
        -8.470294415019453e-05,
        -0.00024851210764609277,
        0.00015694048488512635,
        -0.00024623796343803406,
        0.00020702052279375494,
        7.591405392304296e-06,
        0.00012671828153543174,
        9.551968105370179e-05,
        -4.393705239635892e-05,
        -0.00011884733976330608,
        -1.5005099157860968e-05,
        -0.0001345039054285735,
        -0.0003647758858278394,
        -5.673651230608812e-06,
        0.00011678556620609015,
        0.00010892040882026777,
        -0.00013132924505043775,
        3.015817128471099e-05,
        0.00023052169126458466,
        0.0001922982046380639,
        -9.804699402593542e-06,
        9.242552550858818e-06,
        4.127023566979915e-05,
        7.912418368505314e-05,
        -1.9623592379502952e-05,
        -5.282083657220937e-05,
        9.308361768489704e-05,
        7.168333831941709e-05,
        9.103552292799577e-05,
        0.00014912569895386696,
        0.0002150323853129521,
        0.00016984679677989334,
        0.00016048140241764486,
        -0.00016239751130342484,
        -0.00022724305745214224,
        2.206400858995039e-05,
        -0.00010199577081948519,
        -0.00024116860004141927,
        4.4304462790023535e-05,
        -0.00011284514766884968,
        0.000409450673032552,
        -2.3104012143448927e-05,
        -0.00012143674393882975,
        0.00018941650341730565,
        0.00019973756570834666,
        -0.00011502715642563999
      ],
      [
        0.0001257232652278617,
        -0.00013468213728629053,
        0.06040142476558685,
        -0.00010775489499792457,
        -0.0001587921433383599,
        7.154403283493593e-05,
        -3.1927185773383826e-05,
        -8.279605390271172e-05,
        -5.570149369305e-05,
        0.00015289710427168757,
        5.741637869505212e-05,
        -0.0001299563009524718,
        -9.792674973141402e-05,
        -9.941433381754905e-05,
        -0.00015047677152324468,
        0.00010657697566784918,
        0.00012804302969016135,
        -0.00021648054826073349,
        3.395216481294483e-06,
        -0.00013567745918408036,
        7.335370173677802e-05,
        1.3175906133255921e-05,
        -1.5729327060398646e-05,
        -2.6609421183820814e-05,
        0.00026748754316940904,
        -7.563474355265498e-05,
        4.484689634409733e-05,
        1.2853330190409906e-05,
        -0.00022779186838306487,
        -0.00015751180762890726,
        -6.0204683904885314e-06,
        -8.760261698625982e-05,
        -1.4685570022265892e-05,
        3.617024776758626e-05,
        0.0002315865713171661,
        5.204316403251141e-05,
        -0.00013644156570080668,
        0.00034582451917231083,
        -1.6957686966634355e-05,
        -0.00015983775665517896,
        0.00010889300756389275,
        -0.00017018096696119756,
        1.7095420844270848e-05,
        -3.880140502587892e-05,
        8.509543840773404e-05,
        0.0001318055874435231,
        9.128068631980568e-05,
        -8.608684584032744e-05,
        -5.3452313295565546e-05,
        -0.00020503021369222552,
        -0.0003457549028098583,
        2.4218856196966954e-05,
        8.418969082413241e-05,
        -3.714250851771794e-05,
        -0.00010299099085386842,
        0.00017923148698173463,
        0.00025807146448642015,
        -7.30222454876639e-05,
        -0.0001016491514747031,
        3.335257133585401e-05,
        2.4152030164259486e-05,
        3.097815715591423e-05,
        -0.00014178987476043403,
        -0.00011815857578767464,
        -0.00017522585403639823,
        5.2881867304677144e-05,
        -5.459197836898966e-06,
        0.00019578190403990448,
        0.00010489419219084084,
        4.533770334091969e-05,
        -0.00019916979363188148,
        1.7655282135820016e-05,
        -0.00018721737433224916,
        -1.1159409041283652e-05
      ],
      [
        -5.110242636874318e-05,
        -9.628704719943926e-05,
        -0.00010775489499792457,
        0.060211457312107086,
        0.000188687103218399,
        -0.0003504137275740504,
        5.928363316343166e-05,
        -1.2160343430878129e-05,
        0.00010834334534592927,
        -1.7514335922896862e-05,
        -9.329980821348727e-05,
        0.000205174001166597,
        -5.212868200032972e-05,
        0.0002366939588682726,
        -0.00033440813422203064,
        -5.595913899014704e-05,
        0.00018366269068792462,
        0.0002389229484833777,
        -1.411350785929244e-05,
        -7.421580085065216e-05,
        -7.014208676991984e-05,
        -0.00010863229545066133,
        0.00013977813068777323,
        4.534708568826318e-05,
        -3.462498352746479e-05,
        3.3662010537227616e-05,
        -7.303986058104783e-05,
        2.9588962206616998e-05,
        -5.534560477826744e-05,
        -0.00011621198791544884,
        -6.068716538720764e-05,
        -0.00016213636263273656,
        3.137783278361894e-05,
        0.00018987097428180277,
        -0.0002634402480907738,
        0.0002521658025216311,
        6.884890171932057e-05,
        0.00023072546173352748,
        0.00015138881281018257,
        0.00018988808733411133,
        -0.0001415981096215546,
        0.00012326349678914994,
        -6.197454786160961e-05,
        0.00013432498963084072,
        -3.631991785368882e-05,
        8.972139039542526e-05,
        -0.00013555976329371333,
        0.00012288485595490783,
        0.00015864473243709654,
        0.00022098058252595365,
        -0.0001884217344922945,
        0.00013656595547217876,
        0.00012595336011145264,
        -0.00016860838513821363,
        0.000174199856701307,
        2.359519749006722e-05,
        3.606169411796145e-05,
        0.00012416974641382694,
        0.00013087570550851524,
        4.8579819122096524e-05,
        0.0001068175261025317,
        9.72891430137679e-05,
        -0.000178705042344518,
        0.000494219537358731,
        -8.563255687477067e-05,
        -5.5712065659463406e-05,
        -0.000161081668920815,
        -4.357269426691346e-05,
        4.8389480070909485e-05,
        -4.511749648372643e-05,
        0.00011258305312367156,
        0.00013881678751204163,
        0.00011993956286460161,
        -0.00011502148117870092
      ],
      [
        0.00016450464318040758,
        0.00013823182962369174,
        -0.0001587921433383599,
        0.000188687103218399,
        0.06038332358002663,
        -0.00015367360902018845,
        0.00018812229973264039,
        0.00011081764387199655,
        8.826445991871879e-06,
        -2.403516737103928e-05,
        4.073311356478371e-05,
        8.881028043106198e-05,
        0.00018607728998176754,
        9.386829333379865e-05,
        -0.00020728343224618584,
        -4.753167013404891e-05,
        5.213717940932838e-06,
        1.2827720638597384e-05,
        -0.00022601896489504725,
        -0.00010237330570816994,
        -0.00019213516497984529,
        -0.0001437363534932956,
        0.00010750815272331238,
        0.00020946587028447539,
        2.0767263777088374e-05,
        -9.067908104043454e-05,
        -0.0001331812236458063,
        9.025786857819185e-05,
        3.713958722073585e-05,
        -5.725010123569518e-05,
        0.0001859953481471166,
        0.00016743518062867224,
        -2.7790771127911285e-05,
        -0.00016435989527963102,
        -4.3479481973918155e-05,
        0.00021230908168945462,
        2.8566864784806967e-05,
        -0.00018131121760234237,
        -3.5052387829637155e-05,
        -5.121634330862435e-06,
        -9.081258031073958e-05,
        -0.0002018010418396443,
        7.172844198066741e-05,
        0.0001621839328436181,
        0.0001482401421526447,
        5.795401375507936e-05,
        2.9407607144094072e-05,
        -6.39232384855859e-05,
        9.897230484057218e-05,
        0.0001120067317970097,
        -0.00010569292498985305,
        -0.00012016931577818468,
        9.091717947740108e-05,
        0.00026955976500175893,
        0.00024044864403549582,
        0.00011969196202699095,
        -3.2175554224522784e-05,
        8.85745685081929e-05,
        -3.521629696479067e-05,
        4.240159978508018e-05,
        0.00018890101637225598,
        5.511424024007283e-05,
        -3.9304512029048055e-05,
        4.623570930561982e-06,
        0.00021837273379787803,
        -0.00018953194376081228,
        6.271120219025761e-05,
        -2.8602484235307202e-05,
        -5.8957302826456726e-05,
        0.0001265277387574315,
        -1.0621514775266405e-05,
        0.00011146854376420379,
        -4.551885649561882e-05,
        6.998574008321157e-06
      ],
      [
        6.413721712306142e-05,
        -0.000123222591355443,
        7.154403283493593e-05,
        -0.0003504137275740504,
        -0.00015367360902018845,
        0.06049150601029396,
        -0.00029904619441367686,
        -1.6596606656094082e-05,
        0.00034466004581190646,
        0.00012597793829627335,
        -0.00029802712379023433,
        -4.673572402680293e-05,
        0.0001804819912649691,
        2.811943159031216e-05,
        -0.00012699930812232196,
        3.4657026844797656e-05,
        3.252793976571411e-05,
        0.00038183474680408835,
        0.0004609694005921483,
        1.2350346878520213e-05,
        8.031762990867719e-05,
        -1.7535903680254705e-05,
        4.042077489430085e-05,
        -0.00015198074106592685,
        -0.0002754113229457289,
        -0.0001275888062082231,
        0.0001293997629545629,
        6.166636740090325e-05,
        0.00016683821741025895,
        -0.0001220898557221517,
        0.00031728853355161846,
        0.00017855400801636279,
        0.00031586724799126387,
        0.00044596369843930006,
        -0.0002526626631151885,
        6.117415614426136e-05,
        0.00023397385666612536,
        0.00038510962622240186,
        0.00038314086850732565,
        -0.00019171237363480031,
        7.216123049147427e-05,
        -0.0002695856674108654,
        2.5437428121222183e-05,
        -0.00011305821681162342,
        -0.00036155449924990535,
        -0.00022229138994589448,
        -7.261629798449576e-05,
        1.0016598025686108e-05,
        -0.00020607138867489994,
        0.00017611263319849968,
        -1.1438852197898086e-05,
        0.0002434209018247202,
        0.0001321452873526141,
        -0.000148465609527193,
        0.0003509683592710644,
        0.0002885929716285318,
        8.827532292343676e-05,
        -0.00018198044563177973,
        0.000413335335906595,
        0.00010072754957946017,
        3.139028558507562e-05,
        -0.00022014454589225352,
        0.0001446054084226489,
        7.739486318314448e-05,
        -0.00020501350809354335,
        0.00011204277689103037,
        -8.236243593273684e-05,
        -0.0001413431018590927,
        8.251381223089993e-05,
        -0.00016873431741259992,
        -6.775970541639253e-05,
        0.00039249949622899294,
        0.00025407562498003244,
        -1.5763449709993438e-06
      ],
      [
        0.0001428173709427938,
        1.5359359167632647e-05,
        -3.1927185773383826e-05,
        5.928363316343166e-05,
        0.00018812229973264039,
        -0.00029904619441367686,
        0.06014355644583702,
        0.00017715060675982386,
        -9.716038766782731e-05,
        -0.0004106558917555958,
        -0.00013930624118074775,
        0.00016628176672384143,
        0.00016790827794466168,
        0.00014830267173238099,
        -0.00010479710908839479,
        -2.0030029190820642e-05,
        7.347758946707472e-05,
        -2.505824522813782e-05,
        0.00012866282486356795,
        5.038151721237227e-05,
        -2.0401996152941138e-05,
        -0.00012576534936670214,
        0.0005525260348804295,
        0.00013606715947389603,
        0.00033581096795387566,
        -0.00011476103827590123,
        0.00027995381969958544,
        5.55585756956134e-05,
        -9.460324508836493e-05,
        0.00016887839592527598,
        3.077153451158665e-05,
        -0.00013047005631960928,
        0.00012944293848704547,
        9.117672016145661e-05,
        8.673517731949687e-05,
        0.0004257084510754794,
        8.848741708789021e-05,
        -9.303301339969039e-05,
        0.00011921537952730432,
        -0.0003069354861509055,
        -0.00017086690058931708,
        -0.00021408240718301386,
        -7.289666427823249e-06,
        2.0324927390902303e-05,
        0.00036873837234452367,
        0.0002039708342636004,
        6.284384289756417e-05,
        -2.8837388526881114e-05,
        0.0003259964578319341,
        0.00010406431829323992,
        -0.00013846345245838165,
        0.00016770613729022443,
        6.872806989122182e-05,
        3.3444179280195385e-05,
        0.00028339517302811146,
        0.00010544412361923605,
        0.00039310153806582093,
        4.384581552585587e-05,
        -7.95435844338499e-05,
        4.940286453347653e-05,
        0.00024136900901794434,
        0.00010493327863514423,
        6.528000085381791e-05,
        2.4702523660380393e-05,
        -1.8921749870060012e-05,
        -0.0005331144202500582,
        -0.00012969059753231704,
        0.00011519647523527965,
        -0.0001755296834744513,
        0.0002114981907652691,
        -0.00026919879019260406,
        3.329473838675767e-05,
        0.00016631383914500475,
        -0.00025333635858260095
      ],
      [
        0.00025959109188988805,
        5.756357859354466e-05,
        -8.279605390271172e-05,
        -1.2160343430878129e-05,
        0.00011081764387199655,
        -1.6596606656094082e-05,
        0.00017715060675982386,
        0.0604422464966774,
        0.00013797637075185776,
        -0.00012673306628130376,
        -9.056185081135482e-05,
        -1.8434609501127852e-06,
        -9.070889063877985e-05,
        -0.00017867432325147092,
        0.00011972898209933192,
        -0.00012090581731172279,
        -3.840185672743246e-05,
        -0.00015960253949742764,
        -3.421124711167067e-05,
        -8.738589531276375e-05,
        -0.00023723981576040387,
        -0.00016550261352676898,
        0.00020541415142361075,
        3.3963351597776636e-05,
        7.357540016528219e-05,
        1.9527509721228853e-05,
        -0.00023327428789343685,
        6.072311953175813e-05,
        0.000119312375318259,
        -7.65138611313887e-05,
        0.0001054939057212323,
        -0.00012219870404805988,
        8.499920659232885e-05,
        0.00023028133728075773,
        8.911345503292978e-05,
        0.00030892944778315723,
        0.0001263598387595266,
        8.484253339702263e-05,
        0.00023873307509347796,
        -5.9064830566057935e-05,
        -0.00010499158088350669,
        9.258931822841987e-05,
        3.5666976145876106e-06,
        5.61108099645935e-05,
        0.0002411689783912152,
        0.00020820564532186836,
        0.0003211026778444648,
        -0.00019341269216965884,
        -8.604396862210706e-05,
        -8.612880628788844e-05,
        3.1167477573035285e-05,
        -0.00014940564869903028,
        0.00017335027223452926,
        -9.532503463560715e-05,
        0.0002936231321655214,
        1.76423473021714e-05,
        -3.252789974794723e-05,
        6.236582703422755e-05,
        -5.428940858109854e-05,
        0.00016264225996565074,
        -2.1137782368896296e-06,
        0.00025368420756421983,
        -0.00016535322356503457,
        0.00033377326326444745,
        5.0028062105411664e-05,
        -2.6885427359957248e-05,
        6.305700935627101e-06,
        9.259759826818481e-05,
        -9.906211198540404e-05,
        4.431636989465915e-05,
        4.9770469559007324e-06,
        -0.00012206169049022719,
        3.9770184230292216e-05,
        -1.1771140634664334e-05
      ],
      [
        4.7269237256841734e-05,
        3.184428715030663e-05,
        -5.570149369305e-05,
        0.00010834334534592927,
        8.826445991871879e-06,
        0.00034466004581190646,
        -9.716038766782731e-05,
        0.00013797637075185776,
        0.060446590185165405,
        9.100075112655759e-05,
        0.00021849731274414808,
        8.050251949498488e-07,
        9.304277773480862e-05,
        -8.33219601190649e-05,
        2.9498021831386723e-05,
        0.00022336412803269923,
        3.169193223584443e-05,
        0.0001575059723109007,
        2.552344994910527e-05,
        1.892322143248748e-05,
        0.00016020503244362772,
        -0.0001427848474122584,
        -0.0001233017392223701,
        -9.943838813342154e-05,
        -3.379810368642211e-05,
        0.0001753330579958856,
        -0.00015069142682477832,
        1.6962307199719362e-05,
        -0.0002402264071861282,
        -8.726689702598378e-05,
        -8.24147864477709e-05,
        -1.6921527276281267e-05,
        -3.423509406275116e-05,
        0.0003702626272570342,
        -3.114777064183727e-05,
        6.124142237240449e-05,
        5.136997424415313e-05,
        0.00014052038022782654,
        -9.812501957640052e-05,
        -2.6169543616560986e-06,
        0.00011008606816176325,
        -9.861272701527923e-05,
        -4.087705019628629e-05,
        -7.928460399853066e-05,
        -0.0002029342285823077,
        8.736163727007806e-05,
        -3.689977529575117e-05,
        3.624717646744102e-05,
        -0.00019915214215870947,
        -0.0002150554646505043,
        -0.00013421526819001883,
        0.0001479041384300217,
        0.00011518489191075787,
        5.342932854546234e-05,
        -0.00013060853234492242,
        0.00015964722842909396,
        -2.0548432075884193e-05,
        -0.00027966080233454704,
        -8.55105827213265e-05,
        0.00015396477829199284,
        7.272973743965849e-05,
        -9.444422903470695e-05,
        4.143608020967804e-05,
        0.00021272733283694834,
        -0.0001814256247598678,
        0.00016935268649831414,
        9.068982035387307e-05,
        -1.9105043975287117e-05,
        6.335427315207198e-05,
        -4.17700684920419e-05,
        -7.965183613123372e-05,
        0.0002099615230690688,
        -0.00014078011736273766,
        -5.6007716921158135e-05
      ],
      [
        -6.299140659393743e-05,
        -0.0001210534101119265,
        0.00015289710427168757,
        -1.7514335922896862e-05,
        -2.403516737103928e-05,
        0.00012597793829627335,
        -0.0004106558917555958,
        -0.00012673306628130376,
        9.100075112655759e-05,
        0.06059148907661438,
        -5.142467489349656e-05,
        -2.131961809936911e-05,
        -9.248852438759059e-05,
        -3.4004857297986746e-05,
        -0.00010412526171421632,
        5.962642535450868e-05,
        7.408976671285927e-05,
        0.00018838376854546368,
        0.0003815251402556896,
        -4.011995406472124e-05,
        0.00013146402488928288,
        -0.0002701659977901727,
        -0.00019729741325136274,
        -0.0003202203952241689,
        9.76968658505939e-05,
        9.425436292076483e-05,
        -0.00012779638927895576,
        -0.00013976592163089663,
        5.461033651954494e-06,
        -0.0001301361626246944,
        0.0002962301659863442,
        0.00015436286048498005,
        -9.935045454767533e-06,
        1.747472742863465e-05,
        -5.412683094618842e-05,
        -7.609668682562187e-05,
        -2.17165652429685e-05,
        0.0004743859462905675,
        -3.1747265438752947e-06,
        6.996575393714011e-06,
        0.00012894393876194954,
        -0.0002872859186027199,
        1.8454622477293015e-05,
        -0.00014267813821788877,
        -0.00013255851808935404,
        -0.00014175378601066768,
        -0.00016699369007255882,
        -0.00022309887572191656,
        -2.2765607354813255e-05,
        8.688636444276199e-05,
        5.72353856114205e-05,
        0.00013037298049312085,
        -0.00013015088916290551,
        -1.817340853449423e-05,
        -1.074551710189553e-05,
        0.00022277914104051888,
        0.00023392224102281034,
        -0.0002823763352353126,
        0.000117784584290348,
        6.13312004134059e-05,
        0.0001297232520300895,
        -0.0002407391875749454,
        -3.115549588983413e-06,
        -0.00010855976142920554,
        6.190713065734599e-06,
        -2.1895089957979508e-05,
        0.00021447223844006658,
        1.622465242689941e-05,
        0.00013547409616876394,
        -0.0005065119476057589,
        0.00018291088053956628,
        6.9181851358735e-06,
        -0.00013824764755554497,
        0.00013560846855398268
      ],
      [
        -4.004901711596176e-05,
        -8.664136112201959e-05,
        5.741637869505212e-05,
        -9.329980821348727e-05,
        4.073311356478371e-05,
        -0.00029802712379023433,
        -0.00013930624118074775,
        -9.056185081135482e-05,
        0.00021849731274414808,
        -5.142467489349656e-05,
        0.06029803305864334,
        5.903119699723902e-07,
        2.7083195163868368e-05,
        0.0001311808155151084,
        -0.00012910021177958697,
        -1.9121447621728294e-05,
        0.00011172828817507252,
        0.00013238405517768115,
        -2.9979893952258863e-05,
        -0.00010463714716024697,
        -0.00015042879385873675,
        -8.104547077891766e-07,
        9.154598228633404e-05,
        0.00014850779552944005,
        1.0816477242769906e-06,
        -2.752661021077074e-05,
        7.122625538613647e-05,
        0.0001103360191336833,
        0.00010530512372497469,
        0.00013548070273827761,
        -1.1808849649241893e-06,
        9.36256765271537e-05,
        8.550643542548642e-05,
        0.000181019349838607,
        4.6934321289882064e-05,
        0.00017792081052903086,
        5.7989946071757004e-05,
        0.00016680431144777685,
        0.0003566862433217466,
        -1.9441085896687582e-05,
        8.057747618295252e-05,
        0.00014720256149303168,
        2.4446342649753205e-05,
        -5.884494021302089e-05,
        0.00010922467481577769,
        -0.00018004831508733332,
        0.00013357315037865192,
        0.00019479573529679328,
        -0.00015424517914652824,
        -0.00013252231292426586,
        -3.3760032238205895e-05,
        0.00012317244545556605,
        -7.113593625263093e-08,
        -0.0002194413245888427,
        0.0001892376021714881,
        -0.00023862338275648654,
        -0.00013143393152859062,
        -3.190033339706133e-06,
        0.00019381118181627244,
        0.00010856556764338166,
        8.670476381666958e-05,
        4.2819807276828215e-05,
        -8.773735316935927e-05,
        -2.3506498109782115e-05,
        0.00014581362484022975,
        8.864363917382434e-05,
        -0.00015725514094810933,
        0.0002505327283870429,
        1.9829087705147685e-06,
        5.2300911193015054e-05,
        -1.621426963538397e-05,
        -6.48482091492042e-05,
        0.00015316155622713268,
        8.197053102776408e-05
      ],
      [
        5.309542757458985e-05,
        -0.00023498202790506184,
        -0.0001299563009524718,
        0.000205174001166597,
        8.881028043106198e-05,
        -4.673572402680293e-05,
        0.00016628176672384143,
        -1.8434609501127852e-06,
        8.050251949498488e-07,
        -2.131961809936911e-05,
        5.903119699723902e-07,
        0.060070570558309555,
        -5.3685493185184896e-05,
        -0.00021813795319758356,
        0.00012113129923818633,
        3.914956778316991e-06,
        0.00016518222400918603,
        -3.1096802558749914e-05,
        6.469071377068758e-05,
        -1.2136832083342597e-05,
        0.00014388360432349145,
        -0.00022532587172463536,
        0.00022952278959564865,
        0.00021519117581192404,
        0.0002809859870467335,
        0.00011804915266111493,
        4.953497773385607e-05,
        -0.00011395057663321495,
        2.0032425140925625e-07,
        -0.00021422418649308383,
        -7.717837434029207e-06,
        -0.00017422444943804294,
        -1.2961460924998391e-05,
        0.00013058488548267633,
        0.0001188010792247951,
        -0.00021878151164855808,
        0.00012137900193920359,
        -4.341270323493518e-05,
        0.0001592418411746621,
        -1.9746679754462093e-05,
        -0.00023456434428226203,
        3.798633406404406e-05,
        -0.00012657899060286582,
        0.0002395818883087486,
        -6.946246867300943e-05,
        5.986368705634959e-05,
        -5.138525375514291e-05,
        -3.8092501199571416e-05,
        0.00015286022971849889,
        0.00010703320731408894,
        -0.00019913300639018416,
        -2.690638939384371e-05,
        -0.00011613970127655193,
        4.202379932394251e-05,
        5.347521073417738e-05,
        -9.56363946897909e-05,
        0.00012994646385777742,
        4.120373705518432e-05,
        6.915545236552134e-05,
        -0.00018878388800658286,
        -0.000148848703247495,
        0.0001825637446017936,
        -0.0003038379072677344,
        -3.435625694692135e-05,
        -1.4999404811533168e-05,
        2.4176467832148774e-06,
        3.4217500797240064e-05,
        -1.606891783012543e-05,
        0.00015394279034808278,
        -9.076054993784055e-05,
        4.251300197211094e-05,
        2.7639409381663427e-05,
        3.476801430224441e-05,
        0.00010413614654680714
      ],
      [
        -0.0001527312706457451,
        0.00034275397774763405,
        -9.792674973141402e-05,
        -5.212868200032972e-05,
        0.00018607728998176754,
        0.0001804819912649691,
        0.00016790827794466168,
        -9.070889063877985e-05,
        9.304277773480862e-05,
        -9.248852438759059e-05,
        2.7083195163868368e-05,
        -5.3685493185184896e-05,
        0.06008092314004898,
        -0.00019389181397855282,
        0.00026255377451889217,
        0.00018507608911022544,
        1.1615500625339337e-05,
        -9.386545571032912e-05,
        -0.00022414917475543916,
        3.2620911952108145e-05,
        2.4902581117203226e-06,
        -1.8076461856253445e-05,
        0.00012459132994990796,
        9.056999260792509e-05,
        3.722472456502146e-06,
        0.00013976299669593573,
        9.043409954756498e-05,
        0.0001412812853232026,
        2.7129646696266718e-05,
        4.761639138450846e-05,
        -0.00021896068938076496,
        4.437115785549395e-05,
        -8.235963468905538e-05,
        0.00017097045201808214,
        -0.00028950063278898597,
        0.00023035793856251985,
        8.202560275094584e-05,
        -0.000364352687029168,
        3.222455779905431e-05,
        9.860115824267268e-05,
        -7.865280349506065e-05,
        -5.8027359045809135e-05,
        -5.420736488304101e-05,
        0.00014491529145743698,
        0.00014510513574350625,
        0.000177197769517079,
        -2.6834244636120275e-05,
        0.00013035301526542753,
        -8.189470827346668e-05,
        2.692958696570713e-05,
        -0.00010016571468440816,
        -0.000208213459700346,
        -8.491743210470304e-05,
        0.00015623387298546731,
        5.055750079918653e-05,
        0.00015457160770893097,
        4.831956175621599e-05,
        9.69195825746283e-05,
        -0.0001279898569919169,
        -2.9420909413602203e-05,
        -4.5962558942846954e-05,
        0.0002334529854124412,
        9.454503015149385e-05,
        -0.00014110017218627036,
        0.00012490752851590514,
        1.3133209904481191e-05,
        -0.0001164570203400217,
        0.00030287093250080943,
        0.00011263589112786576,
        0.0002238450979348272,
        -0.0003693814214784652,
        -6.690291047561914e-05,
        7.905097299953923e-05,
        -8.960661216406152e-05
      ],
      [
        -5.519886326510459e-05,
        9.937228605849668e-05,
        -9.941433381754905e-05,
        0.0002366939588682726,
        9.386829333379865e-05,
        2.811943159031216e-05,
        0.00014830267173238099,
        -0.00017867432325147092,
        -8.33219601190649e-05,
        -3.4004857297986746e-05,
        0.0001311808155151084,
        -0.00021813795319758356,
        -0.00019389181397855282,
        0.059990931302309036,
        -7.573010520900425e-07,
        6.680406659143046e-05,
        7.47632366255857e-05,
        3.696359635796398e-05,
        -3.2765605283202603e-05,
        3.90929244531435e-06,
        1.349896592728328e-05,
        -0.0003159621264785528,
        -1.5060685655043926e-05,
        1.6624431737000123e-05,
        0.0002567630435805768,
        6.049524472473422e-06,
        -0.0001483844971517101,
        1.968221658898983e-05,
        -9.523394624011416e-07,
        -0.00020828741253353655,
        -0.0001372033730149269,
        -0.0001141913962783292,
        4.675211675930768e-05,
        5.1478142268024385e-05,
        0.00015432198415510356,
        1.6400796084781177e-05,
        3.810971247730777e-05,
        -0.00019790012447629124,
        0.00016618227527942508,
        -0.000130437794723548,
        -8.298228931380436e-05,
        -0.00011608391650952399,
        0.00014105919399298728,
        0.0002870092575903982,
        -4.947773413732648e-05,
        4.079022983205505e-05,
        -0.0002161768643418327,
        -0.00036252979771234095,
        -3.651593215181492e-05,
        -9.289640001952648e-05,
        -0.0001246579922735691,
        -0.00019027048256248236,
        -0.0001715564139885828,
        0.00012916130071971565,
        7.864803774282336e-05,
        -0.00013208691962063313,
        8.622925088275224e-05,
        -6.366730303852819e-06,
        -9.503204637439921e-05,
        -0.0002527642354834825,
        -0.00010602703696349636,
        0.00025517609901726246,
        -0.00017105412553064525,
        -0.00011694108980009332,
        0.00010207999730482697,
        -3.711515819304623e-05,
        0.00010459713666932657,
        1.537833668407984e-05,
        -3.4886117646237835e-05,
        -0.00026187795447185636,
        -8.014401828404516e-05,
        -3.389483754290268e-05,
        6.837514956714585e-05,
        4.1252627852372825e-05
      ],
      [
        8.338897896464914e-05,
        0.00011770373384933919,
        -0.00015047677152324468,
        -0.00033440813422203064,
        -0.00020728343224618584,
        -0.00012699930812232196,
        -0.00010479710908839479,
        0.00011972898209933192,
        2.9498021831386723e-05,
        -0.00010412526171421632,
        -0.00012910021177958697,
        0.00012113129923818633,
        0.00026255377451889217,
        -7.573010520900425e-07,
        0.060379140079021454,
        -0.0001603840064490214,
        -4.3139179979334585e-06,
        0.00012458869605325162,
        0.0001409322867402807,
        0.00011967827595071867,
        0.00021266106341499835,
        1.1250344869040418e-05,
        0.00018867178005166352,
        6.52435755910119e-06,
        -0.00014972087228670716,
        4.33000604971312e-05,
        0.00017066746659111232,
        0.000316205172566697,
        0.00015533000987488776,
        5.1886738219764084e-05,
        0.0001769834489095956,
        0.00026892172172665596,
        -0.00020384461095090955,
        0.0002721872879192233,
        -5.891753971809521e-05,
        -7.120288501027972e-05,
        0.0003705581184476614,
        -0.00016261040582321584,
        0.00019077114120591432,
        0.00023069248709362,
        -0.0003254907496739179,
        8.930592230171897e-06,
        -0.0002470612234901637,
        -3.638738053268753e-05,
        0.00018787625594995916,
        0.00015011514187790453,
        2.9033155442448333e-05,
        0.0004503152740653604,
        2.2803025785833597e-05,
        9.515814781480003e-06,
        0.0002383646642556414,
        8.929251634981483e-05,
        0.00026928778970614076,
        0.00012275626068003476,
        0.00023780840274412185,
        -0.00021344696870073676,
        -5.381619848776609e-05,
        -7.472479774150997e-05,
        0.00014382974768523127,
        3.595266753109172e-05,
        8.836826600600034e-05,
        8.021025860216469e-05,
        -2.5084538719966076e-05,
        0.00012346863513812423,
        -0.00016587928985245526,
        1.110318407882005e-05,
        -2.2848007574793883e-05,
        0.0003211209550499916,
        0.0002163922763429582,
        0.00016035896260291338,
        -0.00031859215232543647,
        -2.5425744752283208e-05,
        0.00023798229813110083,
        2.985586615977809e-05
      ],
      [
        -0.00016023899661377072,
        6.657307676505297e-05,
        0.00010657697566784918,
        -5.595913899014704e-05,
        -4.753167013404891e-05,
        3.4657026844797656e-05,
        -2.0030029190820642e-05,
        -0.00012090581731172279,
        0.00022336412803269923,
        5.962642535450868e-05,
        -1.9121447621728294e-05,
        3.914956778316991e-06,
        0.00018507608911022544,
        6.680406659143046e-05,
        -0.0001603840064490214,
        0.06045183166861534,
        2.1630919491144596e-06,
        0.00014669622760266066,
        -9.878027049126104e-05,
        -0.00020971053163520992,
        -1.6590211089351214e-05,
        1.957135827979073e-05,
        -0.00014564847515430301,
        -9.603035869076848e-05,
        9.514782868791372e-05,
        0.00015570344112347811,
        0.00010125731932930648,
        0.00012202753714518622,
        -2.7586238502408378e-05,
        0.00016194311319850385,
        -6.355579535011202e-05,
        0.00017551728524267673,
        -0.0001292753586312756,
        3.1944222428137437e-05,
        -3.427044430281967e-05,
        6.333301280392334e-05,
        0.00017860200023278594,
        -7.114648906281218e-05,
        -2.8289796318858862e-05,
        0.00012802911805920303,
        0.00032282277243211865,
        -0.00013611142640002072,
        -6.242986273718998e-05,
        7.18891533324495e-05,
        0.00016523973317816854,
        -5.520585909835063e-05,
        -0.00023016206978354603,
        -7.995805935934186e-05,
        -0.00011193241516593844,
        3.6715060559799895e-05,
        -9.107690743803687e-07,
        4.768975486513227e-05,
        6.345556175801903e-05,
        0.00015326116408687085,
        1.3469789337250404e-05,
        0.00026648517814464867,
        3.5049822599830804e-06,
        -7.36512738512829e-05,
        0.0001396566949551925,
        8.279883331852034e-05,
        6.07903057243675e-05,
        -0.00015566298679914325,
        0.0002537420077715069,
        2.227110235253349e-05,
        8.661899482831359e-05,
        0.00024350540479645133,
        1.5921539670671336e-05,
        0.00023267733922693878,
        -0.00011680812167469412,
        -0.0003167004615534097,
