{
  "condition": "C4_pgdr_0.5",
  "condition_config": {
    "dr_mode": "pgdr",
    "p_star": [
      0.0018136125290766358,
      0.496666818857193,
      -0.08481857925653458,
      -0.6206241250038147,
      0.5765560865402222,
      0.37682420015335083,
      -0.8684970736503601,
      0.4919584393501282,
      0.400886595249176,
      0.17018330097198486,
      -0.3318437337875366,
      -0.29627180099487305,
      0.21244798600673676,
      0.09648812562227249,
      -0.3456061780452728,
      -0.14124540984630585,
      -0.3310435712337494,
      -0.30106401443481445,
      -0.11285281181335449,
      0.1918899565935135,
      0.6700073480606079,
      0.19221000373363495,
      0.3126457631587982
    ],
    "Sigma": [
      [
        0.04886094853281975,
        -8.067922863119747e-06,
        -7.688584446441382e-05,
        -1.6901298295124434e-05,
        5.212084943195805e-05,
        6.875558756291866e-05,
        -0.00010564028343651444,
        -5.130776116857305e-05,
        7.176096551120281e-05,
        2.7886737825610908e-06,
        5.0002752686850727e-05,
        2.9638711566803977e-05,
        -3.6330457078292966e-05,
        -7.354568879236467e-06,
        -3.776879020733759e-05,
        -1.2302940376685001e-05,
        5.350233186618425e-05,
        7.100811490090564e-05,
        -6.526711513288319e-05,
        3.377009534233366e-06,
        2.9668684874195606e-05,
        -5.572292138822377e-05,
        -2.3504790078732185e-06
      ],
      [
        -8.067922863119747e-06,
        0.04921684041619301,
        -4.042009823024273e-05,
        -0.0004894842859357595,
        0.00035162983112968504,
        0.0002392808091826737,
        -0.0005507829482667148,
        0.00034592178417369723,
        0.00025015571736730635,
        0.00017741290503181517,
        -0.0002813343598973006,
        -0.00023751686967443675,
        0.00020058400696143508,
        8.535387314623222e-05,
        -0.000205601318157278,
        -0.00010768953507067636,
        -0.0002764201199170202,
        -0.00030547971255145967,
        3.6395493225427344e-05,
        0.00016408946248702705,
        0.00044577184598892927,
        0.00024234314332716167,
        0.00024227245012298226
      ],
      [
        -7.688584446441382e-05,
        -4.042009823024273e-05,
        0.048818282783031464,
        -4.443218585947761e-06,
        4.4689546484733e-05,
        -0.00018672936130315065,
        0.0001364647614536807,
        -0.00012868274643551558,
        -5.821681952511426e-06,
        4.829972385778092e-05,
        -0.00012313791376072913,
        0.000129741252749227,
        7.129823643481359e-05,
        6.705993655486964e-06,
        0.0001725967158563435,
        -7.472269498975947e-05,
        6.475451300502755e-06,
        -1.2771508409059606e-05,
        0.00028677217778749764,
        5.779489947599359e-05,
        -0.000345767562976107,
        -2.5488174287602305e-05,
        -1.7436301277484745e-05
      ],
      [
        -1.6901298295124434e-05,
        -0.0004894842859357595,
        -4.443218585947761e-06,
        0.049418844282627106,
        -0.0004547992430161685,
        -0.00025043319328688085,
        0.0007076516048982739,
        -0.000489882193505764,
        -0.0003822832368314266,
        -0.0002714147849474102,
        0.0002939969999715686,
        0.00033007506863214076,
        -0.00025770245702005923,
        -0.0001244255545316264,
        0.0004262338625267148,
        0.00014756455493625253,
        0.0004596434300765395,
        0.0003226261178497225,
        0.00016429615789093077,
        -0.0001913533196784556,
        -0.000677123200148344,
        -0.0003226106346119195,
        -0.000354508199961856
      ],
      [
        5.212084943195805e-05,
        0.00035162983112968504,
        4.4689546484733e-05,
        -0.0004547992430161685,
        0.04918276146054268,
        0.00035684346221387386,
        -0.0006841726135462523,
        0.00043320655822753906,
        0.0002143869933206588,
        0.00010390927491243929,
        -0.000162571290275082,
        -0.0003575553128030151,
        0.0002077978861052543,
        0.00015237262414302677,
        -0.0002810412843246013,
        -5.000628516427241e-05,
        -0.00028133217711001635,
        -0.0002988197957165539,
        -0.00017414831381756812,
        0.00011223489127587527,
        0.0006793172797188163,
        0.0003501109022181481,
        0.0002967730979435146
      ],
      [
        6.875558756291866e-05,
        0.0002392808091826737,
        -0.00018672936130315065,
        -0.00025043319328688085,
        0.00035684346221387386,
        0.04923786222934723,
        -0.0005579401040449739,
        0.0002695944858714938,
        0.0002505855227354914,
        5.383712414186448e-05,
        -9.73299247561954e-05,
        -0.000127669089124538,
        8.474644710076973e-05,
        -9.563735511619598e-05,
        -0.0002203235198976472,
        -9.770685574039817e-05,
        -0.00013401132309809327,
        -0.0001086793199647218,
        -0.00019697530660778284,
        1.6473526557092555e-05,
        0.00043666642159223557,
        -4.2758914787555113e-05,
        0.0001455593155696988
      ],
      [
        -0.00010564028343651444,
        -0.0005507829482667148,
        0.0001364647614536807,
        0.0007076516048982739,
        -0.0006841726135462523,
        -0.0005579401040449739,
        0.04991423711180687,
        -0.0007184363785199821,
        -0.00050495465984568,
        -0.00025861943140625954,
        0.00040949718095362186,
        0.0004205693840049207,
        -0.00029392080614343286,
        2.0400626453920268e-05,
        0.0005144159658811986,
        0.00014886449207551777,
        0.00054815539624542,
        0.00042262754868716,
        0.00024269762798212469,
        -0.00017347675748169422,
        -0.0009570489055477083,
        -0.00026648500352166593,
        -0.00041348807280883193
      ],
      [
        -5.130776116857305e-05,
        0.00034592178417369723,
        -0.00012868274643551558,
        -0.000489882193505764,
        0.00043320655822753906,
        0.0002695944858714938,
        -0.0007184363785199821,
        0.04917626455426216,
        0.00036782934330403805,
        0.00016539717034902424,
        -0.00020685790514107794,
        -0.00018359483510721475,
        0.00019705538579728454,
        0.00014975671365391463,
        -0.00022438449377659708,
        -0.00012085230991942808,
        -0.000251749821472913,
        -0.00020360172493383288,
        -5.824487016070634e-05,
        0.00020301017502788454,
        0.00040223158430308104,
        0.0002104000886902213,
        0.00026778673054650426
      ],
      [
        7.176096551120281e-05,
        0.00025015571736730635,
        -5.821681952511426e-06,
        -0.0003822832368314266,
        0.0002143869933206588,
        0.0002505855227354914,
        -0.00050495465984568,
        0.00036782934330403805,
        0.04916061833500862,
        0.00019176265050191432,
        -0.00010949751595035195,
        -0.0002706110244616866,
        0.00019243790302425623,
        0.00016969225544016808,
        -0.00023785681696608663,
        2.2398500732379034e-05,
        -0.0003899472358170897,
        -0.0002772801090031862,
        -0.00017824245151132345,
        0.00019051009439863265,
        0.0004742806777358055,
        0.0003670928708743304,
        0.00027802790282294154
      ],
      [
        2.7886737825610908e-06,
        0.00017741290503181517,
        4.829972385778092e-05,
        -0.0002714147849474102,
        0.00010390927491243929,
        5.383712414186448e-05,
        -0.00025861943140625954,
        0.00016539717034902424,
        0.00019176265050191432,
        0.04898051545023918,
        -4.2264357034582645e-05,
        -9.483464964432642e-05,
        -3.428172567510046e-05,
        0.00020540898549370468,
        -0.00016087415860965848,
        2.5965122404159047e-05,
        -0.0001532708411104977,
        -0.00012249231804162264,
        -0.00013364457117859274,
        0.00016446097288280725,
        0.00023222742311190814,
        8.151704969350249e-05,
        8.106071618385613e-05
      ],
      [
        5.0002752686850727e-05,
        -0.0002813343598973006,
        -0.00012313791376072913,
        0.0002939969999715686,
        -0.000162571290275082,
        -9.73299247561954e-05,
        0.00040949718095362186,
        -0.00020685790514107794,
        -0.00010949751595035195,
        -4.2264357034582645e-05,
        0.04900183901190758,
        0.0001970285375136882,
        -0.00012501377204898745,
        -0.0002233306731795892,
        0.00013766966003458947,
        4.0949624235508963e-05,
        0.00012335936480667442,
        0.0001455868623452261,
        3.7636513297911733e-05,
        -0.0001240102428710088,
        -0.00031083275098353624,
        -0.00025217249640263617,
        -0.000171264837263152
      ],
      [
        2.9638711566803977e-05,
        -0.00023751686967443675,
        0.000129741252749227,
        0.00033007506863214076,
        -0.0003575553128030151,
        -0.000127669089124538,
        0.0004205693840049207,
        -0.00018359483510721475,
        -0.0002706110244616866,
        -9.483464964432642e-05,
        0.0001970285375136882,
        0.04896610975265503,
        -9.697546920506284e-05,
        -3.4017753932857886e-05,
        0.00013665735605172813,
        0.00011431906750658527,
        0.00014449915033765137,
        0.00013074303569737822,
        -3.85247403755784e-06,
        -0.00012153440184192732,
        -0.00020997706451453269,
        -7.034244845272042e-06,
        -0.00014470983296632767
      ],
      [
        -3.6330457078292966e-05,
        0.00020058400696143508,
        7.129823643481359e-05,
        -0.00025770245702005923,
        0.0002077978861052543,
        8.474644710076973e-05,
        -0.00029392080614343286,
        0.00019705538579728454,
        0.00019243790302425623,
        -3.428172567510046e-05,
        -0.00012501377204898745,
        -9.697546920506284e-05,
        0.048844676464796066,
        9.18857695069164e-05,
        -0.00020575699454639107,
        -2.518805740692187e-05,
        -6.66669657221064e-05,
        -4.586822979035787e-05,
        -0.00011351484135957435,
        7.371342508122325e-05,
        0.0002562760200817138,
        -3.563565405784175e-05,
        4.748005449073389e-05
      ],
      [
        -7.354568879236467e-06,
        8.535387314623222e-05,
        6.705993655486964e-06,
        -0.0001244255545316264,
        0.00015237262414302677,
        -9.563735511619598e-05,
        2.0400626453920268e-05,
        0.00014975671365391463,
        0.00016969225544016808,
        0.00020540898549370468,
        -0.0002233306731795892,
        -3.4017753932857886e-05,
        9.18857695069164e-05,
        0.04886193946003914,
        -0.00018373801140114665,
        -7.81126000219956e-05,
        -0.0003035605186596513,
        -0.00010058675979962572,
        3.792796633206308e-05,
        7.526387344114482e-05,
        6.377633690135553e-05,
        7.21589894965291e-05,
        9.80922268354334e-05
      ],
      [
        -3.776879020733759e-05,
        -0.000205601318157278,
        0.0001725967158563435,
        0.0004262338625267148,
        -0.0002810412843246013,
        -0.0002203235198976472,
        0.0005144159658811986,
        -0.00022438449377659708,
        -0.00023785681696608663,
        -0.00016087415860965848,
        0.00013766966003458947,
        0.00013665735605172813,
        -0.00020575699454639107,
        -0.00018373801140114665,
        0.048862144351005554,
        -7.361616553680506e-06,
        0.00024982448667287827,
        0.00028831863892264664,
        -5.749703632318415e-05,
        -0.00025242945412173867,
        -0.00018553333939053118,
        -0.00026495297788642347,
        -0.00023235860862769186
      ],
      [
        -1.2302940376685001e-05,
        -0.00010768953507067636,
        -7.472269498975947e-05,
        0.00014756455493625253,
        -5.000628516427241e-05,
        -9.770685574039817e-05,
        0.00014886449207551777,
        -0.00012085230991942808,
        2.2398500732379034e-05,
        2.5965122404159047e-05,
        4.0949624235508963e-05,
        0.00011431906750658527,
        -2.518805740692187e-05,
        -7.81126000219956e-05,
        -7.361616553680506e-06,
        0.04883469641208649,
        6.348417628032621e-06,
        9.107356163440272e-05,
        -7.288863798748935e-06,
        -5.765123569290154e-05,
        -0.00016111125296447426,
        -0.00010657006350811571,
        -4.728228668682277e-05
      ],
      [
        5.350233186618425e-05,
        -0.0002764201199170202,
        6.475451300502755e-06,
        0.0004596434300765395,
        -0.00028133217711001635,
        -0.00013401132309809327,
        0.00054815539624542,
        -0.000251749821472913,
        -0.0003899472358170897,
        -0.0001532708411104977,
        0.00012335936480667442,
        0.00014449915033765137,
        -6.66669657221064e-05,
        -0.0003035605186596513,
        0.00024982448667287827,
        6.348417628032621e-06,
        0.049184735864400864,
        0.00015916905249468982,
        0.00015331488975789398,
        -0.00027557421708479524,
        -0.0003046146593987942,
        -0.0002127433253917843,
        -0.00020324067736510187
      ],
      [
        7.100811490090564e-05,
        -0.00030547971255145967,
        -1.2771508409059606e-05,
        0.0003226261178497225,
        -0.0002988197957165539,
        -0.0001086793199647218,
        0.00042262754868716,
        -0.00020360172493383288,
        -0.0002772801090031862,
        -0.00012249231804162264,
        0.0001455868623452261,
        0.00013074303569737822,
        -4.586822979035787e-05,
        -0.00010058675979962572,
        0.00028831863892264664,
        9.107356163440272e-05,
        0.00015916905249468982,
        0.04896952956914902,
        0.00011988084588665515,
        -0.0001340855669695884,
        -0.00034649428562261164,
        -6.94004338583909e-05,
        -0.0001448206603527069
      ],
      [
        -6.526711513288319e-05,
        3.6395493225427344e-05,
        0.00028677217778749764,
        0.00016429615789093077,
        -0.00017414831381756812,
        -0.00019697530660778284,
        0.00024269762798212469,
        -5.824487016070634e-05,
        -0.00017824245151132345,
        -0.00013364457117859274,
        3.7636513297911733e-05,
        -3.85247403755784e-06,
        -0.00011351484135957435,
        3.792796633206308e-05,
        -5.749703632318415e-05,
        -7.288863798748935e-06,
        0.00015331488975789398,
        0.00011988084588665515,
        0.04887685924768448,
        -0.00010061611828859895,
        -2.6667934434954077e-05,
        -6.337217200780287e-05,
        -0.00011668344814097509
      ],
      [
        3.377009534233366e-06,
        0.00016408946248702705,
        5.779489947599359e-05,
        -0.0001913533196784556,
        0.00011223489127587527,
        1.6473526557092555e-05,
        -0.00017347675748169422,
        0.00020301017502788454,
        0.00019051009439863265,
        0.00016446097288280725,
        -0.0001240102428710088,
        -0.00012153440184192732,
        7.371342508122325e-05,
        7.526387344114482e-05,
        -0.00025242945412173867,
        -5.765123569290154e-05,
        -0.00027557421708479524,
        -0.0001340855669695884,
        -0.00010061611828859895,
        0.048985399305820465,
        0.00025133436429314315,
        0.00014930046745575964,
        0.0001294932299060747
      ],
      [
        2.9668684874195606e-05,
        0.00044577184598892927,
        -0.000345767562976107,
        -0.000677123200148344,
        0.0006793172797188163,
        0.00043666642159223557,
        -0.0009570489055477083,
        0.00040223158430308104,
        0.0004742806777358055,
        0.00023222742311190814,
        -0.00031083275098353624,
        -0.00020997706451453269,
        0.0002562760200817138,
        6.377633690135553e-05,
        -0.00018553333939053118,
        -0.00016111125296447426,
        -0.0003046146593987942,
        -0.00034649428562261164,
        -2.6667934434954077e-05,
        0.00025133436429314315,
        0.04943442717194557,
        0.00013126153498888016,
        0.00034495495492592454
      ],
      [
        -5.572292138822377e-05,
        0.00024234314332716167,
        -2.5488174287602305e-05,
        -0.0003226106346119195,
        0.0003501109022181481,
        -4.2758914787555113e-05,
        -0.00026648500352166593,
        0.0002104000886902213,
        0.0003670928708743304,
        8.151704969350249e-05,
        -0.00025217249640263617,
        -7.034244845272042e-06,
        -3.563565405784175e-05,
        7.21589894965291e-05,
        -0.00026495297788642347,
        -0.00010657006350811571,
        -0.0002127433253917843,
        -6.94004338583909e-05,
        -6.337217200780287e-05,
        0.00014930046745575964,
        0.00013126153498888016,
        0.04875852167606354,
        6.496637797681615e-05
      ],
      [
        -2.3504790078732185e-06,
        0.00024227245012298226,
        -1.7436301277484745e-05,
        -0.000354508199961856,
        0.0002967730979435146,
        0.0001455593155696988,
        -0.00041348807280883193,
        0.00026778673054650426,
        0.00027802790282294154,
        8.106071618385613e-05,
        -0.000171264837263152,
        -0.00014470983296632767,
        4.748005449073389e-05,
        9.80922268354334e-05,
        -0.00023235860862769186,
        -4.728228668682277e-05,
        -0.00020324067736510187,
        -0.0001448206603527069,
        -0.00011668344814097509,
        0.0001294932299060747,
        0.00034495495492592454,
        6.496637797681615e-05,
        0.04904301464557648
      ]
    ],
    "alpha": 0.5,
    "description": "PGDR N(p*, 0.5\u03a3)"
  },
  "training": {
    "algorithm": "PPO",
    "num_envs": 8,
    "num_steps": 4,
    "total_timesteps": 32,
    "learning_rate": 0.0003,
    "gamma": 0.99,
    "gae_lambda": 0.95,
    "clip_eps": 0.2,
    "entropy_coef": 0.01,
    "value_coef": 0.5,
    "max_grad_norm": 0.5,
    "num_minibatches": 1,
    "update_epochs": 1,
    "normalize_advantages": true,
    "episode_length": 100
  },
  "seed": 0
}