{
  "condition": "C4_pgdr_2.0",
  "condition_config": {
    "dr_mode": "pgdr",
    "p_star": [
      0.05447707325220108,
      -0.13379435241222382,
      -0.08434583991765976,
      -0.09498076140880585,
      -0.09740515798330307,
      0.09228828549385071,
      0.12721748650074005,
      -0.06691593676805496,
      0.09548012167215347,
      0.11681216210126877,
      0.0038217033725231886,
      -0.07409034669399261,
      0.09698686003684998,
      -0.08638034015893936,
      0.07195395231246948,
      0.04296084865927696,
      0.13066980242729187,
      -0.08001188188791275,
      0.08966226875782013,
      0.005531763192266226,
      -0.08106161653995514,
      -0.10002962499856949,
      -3.3261600037803873e-05
    ],
    "Sigma": [
      [
        1.9243359474785393e-06,
        -5.70555380718929e-09,
        5.210548792433656e-08,
        2.3073901900261262e-08,
        2.0848823112373793e-08,
        -5.784698231536822e-08,
        -4.59806548391839e-09,
        -4.4762998641090235e-08,
        4.405240972005231e-08,
        9.274317136487298e-08,
        -3.094450917728864e-08,
        -1.041377615251804e-07,
        2.1074892941896906e-08,
        6.134131069757132e-08,
        1.1094879681650127e-07,
        -2.46570891704323e-07,
        -3.3786542985581036e-07,
        -1.8325918560435639e-09,
        1.0864256161369212e-08,
        8.027527087506314e-09,
        -3.6485388932305796e-08,
        3.4076062860322054e-08,
        2.0223689389808897e-08
      ],
      [
        -5.70555380718929e-09,
        1.589379621691478e-06,
        1.0216050227995765e-08,
        -7.1337256102310675e-09,
        -6.782379102787672e-08,
        6.59911378875222e-08,
        4.219650051595636e-08,
        -4.764732608464328e-08,
        -7.103296439936457e-08,
        4.963028388260682e-08,
        -1.2303004837121989e-08,
        -5.7990563462340106e-09,
        -2.688658540250799e-08,
        -1.2769566737347304e-08,
        6.197712565381153e-08,
        -8.719338495666307e-08,
        1.027282721111078e-07,
        -7.008483038362101e-08,
        1.1873392047334619e-08,
        3.297839867855146e-08,
        5.895130428257289e-08,
        -3.2969730057175184e-08,
        -1.5812061349151918e-07
      ],
      [
        5.210548792433656e-08,
        1.0216050227995765e-08,
        1.7002117829179042e-06,
        1.102514790574105e-08,
        7.655646072635136e-08,
        -1.6669382318923454e-07,
        3.2667031302224814e-09,
        -1.672667160335095e-08,
        6.766305205019307e-08,
        2.7826986936929643e-08,
        -5.8955320625386776e-09,
        -2.406220822592786e-08,
        -9.471603057420452e-09,
        -8.256478167822934e-09,
        1.0468505706739961e-07,
        3.599764752948431e-08,
        1.5246739337726467e-07,
        -1.1462083904234532e-07,
        4.979285961326241e-08,
        -9.375911247389013e-08,
        1.679503647267211e-08,
        -2.3400971826958994e-07,
        1.3427900569240592e-07
      ],
      [
        2.3073901900261262e-08,
        -7.1337256102310675e-09,
        1.102514790574105e-08,
        2.463573082422954e-06,
        8.869008638612286e-08,
        -2.5512687074069618e-08,
        3.430407957694115e-08,
        -5.9197486024231694e-08,
        -9.300064363060301e-08,
        1.435673357974565e-09,
        -4.924062935174334e-08,
        -1.2372215962841437e-07,
        -6.606686753229951e-08,
        1.0463441668662199e-07,
        1.5540211961706518e-07,
        -4.6878136572559015e-07,
        2.264196439227817e-07,
        -7.559661696632247e-08,
        1.522001902287684e-08,
        -9.062089745270896e-09,
        1.0909214154253277e-07,
        -5.292819338365007e-08,
        7.498600496091967e-08
      ],
      [
        2.0848823112373793e-08,
        -6.782379102787672e-08,
        7.655646072635136e-08,
        8.869008638612286e-08,
        1.7476687617090647e-06,
        -6.857169410068309e-08,
        2.6661490792889708e-08,
        6.667315233244153e-08,
        1.1463831128821766e-07,
        -4.1978871934134077e-08,
        1.1136332744854371e-08,
        -1.75231438248602e-08,
        5.095869681781551e-08,
        1.7162312460072826e-08,
        5.99421809965861e-08,
        -4.224023442134239e-08,
        -1.9854122967899457e-07,
        -1.660425965610557e-07,
        -2.2027961676940322e-08,
        -6.604964397638469e-08,
        2.470270210608305e-09,
        2.796605436117261e-08,
        -4.916929796650038e-08
      ],
      [
        -5.784698231536822e-08,
        6.59911378875222e-08,
        -1.6669382318923454e-07,
        -2.5512687074069618e-08,
        -6.857169410068309e-08,
        4.099954821867868e-06,
        -3.5816196231053254e-08,
        -8.794888373131471e-08,
        -6.31346708246383e-08,
        -6.367920235561542e-08,
        -5.57730075456675e-08,
        1.6757047305304695e-08,
        1.5883495629864797e-09,
        3.529432746063321e-08,
        1.1415156819793992e-07,
        -5.731317287427373e-08,
        1.0128050575985981e-07,
        5.136529068749951e-08,
        -1.217342457948689e-07,
        2.3393498693735637e-08,
        2.32341985650919e-08,
        -1.6760653309688678e-08,
        -7.552037573077541e-07
      ],
      [
        -4.59806548391839e-09,
        4.219650051595636e-08,
        3.2667031302224814e-09,
        3.430407957694115e-08,
        2.6661490792889708e-08,
        -3.5816196231053254e-08,
        1.927879566210322e-06,
        8.44238385866447e-08,
        -5.754940701763189e-08,
        -4.892466165529186e-08,
        -7.837753557282667e-09,
        -1.689572286522889e-07,
        -3.892236932756532e-08,
        -4.345355719692634e-08,
        -1.3944604404514394e-07,
        2.20821419816275e-07,
        -1.7195229418121016e-07,
        -1.675109047027945e-07,
        3.567535244997089e-08,
        1.4000230308397477e-08,
        -2.67511417462174e-08,
        3.126609016135262e-08,
        1.804614413458694e-07
      ],
      [
        -4.4762998641090235e-08,
        -4.764732608464328e-08,
        -1.672667160335095e-08,
        -5.9197486024231694e-08,
        6.667315233244153e-08,
        -8.794888373131471e-08,
        8.44238385866447e-08,
        2.174210294469958e-06,
        -4.286528820784952e-08,
        2.0419329871401715e-07,
        3.3985838143735236e-08,
        -1.5380412321519543e-07,
        -4.133004338768842e-08,
        5.3816755496427504e-08,
        -2.2216926964802042e-08,
        2.695510943340196e-07,
        -5.450723392641521e-07,
        -9.679661161499098e-08,
        7.304008420305763e-08,
        5.391297719370414e-08,
        1.1142286382437305e-07,
        3.3076418048949563e-07,
        2.5053017793652543e-07
      ],
      [
        4.405240972005231e-08,
        -7.103296439936457e-08,
        6.766305205019307e-08,
        -9.300064363060301e-08,
        1.1463831128821766e-07,
        -6.31346708246383e-08,
        -5.754940701763189e-08,
        -4.286528820784952e-08,
        2.2186898149811896e-06,
        -1.4766101230634376e-07,
        -1.199656995964915e-08,
        1.5405534625756445e-08,
        4.8914863270965725e-08,
        8.333248757708134e-09,
        -1.2574774643780984e-07,
        1.4774272472095618e-07,
        6.910633487677842e-08,
        1.9267393724931026e-07,
        6.468891644573205e-09,
        -8.125851991280797e-08,
        6.688884468530887e-08,
        -9.357365371442938e-08,
        2.99631892630714e-07
      ],
      [
        9.274317136487298e-08,
        4.963028388260682e-08,
        2.7826986936929643e-08,
        1.435673357974565e-09,
        -4.1978871934134077e-08,
        -6.367920235561542e-08,
        -4.892466165529186e-08,
        2.0419329871401715e-07,
        -1.4766101230634376e-07,
        3.1379256597574567e-06,
        -2.1589984910974636e-08,
        2.1505329073079338e-07,
        -9.480060469968521e-08,
        4.903861494653938e-08,
        1.515854393119298e-07,
        -2.0044650739237113e-07,
        -3.9132774531935866e-07,
        1.2750702182984242e-07,
        1.3441308510664385e-07,
        4.7498367905518535e-08,
        -2.415805866462506e-08,
        8.875085666382176e-10,
        2.8050021683156956e-07
      ],
      [
        -3.094450917728864e-08,
        -1.2303004837121989e-08,
        -5.8955320625386776e-09,
        -4.924062935174334e-08,
        1.1136332744854371e-08,
        -5.57730075456675e-08,
        -7.837753557282667e-09,
        3.3985838143735236e-08,
        -1.199656995964915e-08,
        -2.1589984910974636e-08,
        1.3383423720370047e-06,
        -2.084779282540694e-07,
        6.289602083597856e-08,
        -1.582770359220831e-08,
        -3.005363780061998e-08,
        -7.610130126067816e-08,
        1.414258292697923e-07,
        -1.8816656677245192e-07,
        1.0648149029179876e-08,
        1.655556580715256e-08,
        -4.488542160174802e-08,
        1.4729706343530324e-09,
        -3.0351465341027506e-08
      ],
      [
        -1.041377615251804e-07,
        -5.7990563462340106e-09,
        -2.406220822592786e-08,
        -1.2372215962841437e-07,
        -1.75231438248602e-08,
        1.6757047305304695e-08,
        -1.689572286522889e-07,
        -1.5380412321519543e-07,
        1.5405534625756445e-08,
        2.1505329073079338e-07,
        -2.084779282540694e-07,
        4.452424491319107e-06,
        5.96617795167731e-08,
        -6.874667235479137e-08,
        -1.7424059706172557e-07,
        -7.253553491182174e-08,
        -5.065621166977508e-07,
        2.7081762254965724e-07,
        -1.2505687152497558e-07,
        -7.242326205414429e-08,
        6.065947388833592e-08,
        3.8696276760674664e-07,
        6.638875333919714e-07
      ],
      [
        2.1074892941896906e-08,
        -2.688658540250799e-08,
        -9.471603057420452e-09,
        -6.606686753229951e-08,
        5.095869681781551e-08,
        1.5883495629864797e-09,
        -3.892236932756532e-08,
        -4.133004338768842e-08,
        4.8914863270965725e-08,
        -9.480060469968521e-08,
        6.289602083597856e-08,
        5.96617795167731e-08,
        1.6947325320870732e-06,
        -4.2703248936959426e-08,
        -1.0626948210301634e-07,
        4.224111194162106e-08,
        1.7227097259819857e-07,
        -1.6509355305061035e-07,
        -5.907195941290411e-07,
        -4.1734914191238204e-08,
        -1.416972672529937e-08,
        1.636289397310975e-07,
        -1.0186705878822977e-07
      ],
      [
        6.134131069757132e-08,
        -1.2769566737347304e-08,
        -8.256478167822934e-09,
        1.0463441668662199e-07,
        1.7162312460072826e-08,
        3.529432746063321e-08,
        -4.345355719692634e-08,
        5.3816755496427504e-08,
        8.333248757708134e-09,
        4.903861494653938e-08,
        -1.582770359220831e-08,
        -6.874667235479137e-08,
        -4.2703248936959426e-08,
        1.6146952930284897e-06,
        1.388496997378752e-07,
        -3.050908503610117e-08,
        3.2169103292289947e-07,
        1.848588624397962e-07,
        -3.9818253583234764e-08,
        8.297566012060997e-08,
        4.481407955836403e-08,
        -2.5048504426194995e-07,
        -7.4112609382837036e-09
      ],
      [
        1.1094879681650127e-07,
        6.197712565381153e-08,
        1.0468505706739961e-07,
        1.5540211961706518e-07,
        5.99421809965861e-08,
        1.1415156819793992e-07,
        -1.3944604404514394e-07,
        -2.2216926964802042e-08,
        -1.2574774643780984e-07,
        1.515854393119298e-07,
        -3.005363780061998e-08,
        -1.7424059706172557e-07,
        -1.0626948210301634e-07,
        1.388496997378752e-07,
        4.06711387768155e-06,
        4.06159614385615e-07,
        -3.8544149560948426e-07,
        7.191264472794501e-08,
        7.894691833598699e-08,
        9.662976907520715e-08,
        -1.433702152553451e-07,
        1.4607627996099382e-08,
        -5.103295279695885e-07
      ],
      [
        -2.46570891704323e-07,
        -8.719338495666307e-08,
        3.599764752948431e-08,
        -4.6878136572559015e-07,
        -4.224023442134239e-08,
        -5.731317287427373e-08,
        2.20821419816275e-07,
        2.695510943340196e-07,
        1.4774272472095618e-07,
        -2.0044650739237113e-07,
        -7.610130126067816e-08,
        -7.253553491182174e-08,
        4.224111194162106e-08,
        -3.050908503610117e-08,
        4.06159614385615e-07,
        1.2146101653343067e-05,
        -4.828337750950595e-06,
        -7.049099792766356e-08,
        1.1235606223181094e-07,
        -6.512738792707751e-08,
        -1.7317729472665633e-08,
        1.3726339602726512e-06,
        2.1639373244397575e-06
      ],
      [
        -3.3786542985581036e-07,
        1.027282721111078e-07,
        1.5246739337726467e-07,
        2.264196439227817e-07,
        -1.9854122967899457e-07,
        1.0128050575985981e-07,
        -1.7195229418121016e-07,
        -5.450723392641521e-07,
        6.910633487677842e-08,
        -3.9132774531935866e-07,
        1.414258292697923e-07,
        -5.065621166977508e-07,
        1.7227097259819857e-07,
        3.2169103292289947e-07,
        -3.8544149560948426e-07,
        -4.828337750950595e-06,
        2.7648662580759265e-05,
        -2.6087429105814408e-08,
        5.239941174295382e-07,
        -2.742540914368874e-07,
        3.7430137922456197e-07,
        -2.45435762735724e-06,
        -1.1833208191092126e-06
      ],
      [
        -1.8325918560435639e-09,
        -7.008483038362101e-08,
        -1.1462083904234532e-07,
        -7.559661696632247e-08,
        -1.660425965610557e-07,
        5.136529068749951e-08,
        -1.675109047027945e-07,
        -9.679661161499098e-08,
        1.9267393724931026e-07,
        1.2750702182984242e-07,
        -1.8816656677245192e-07,
        2.7081762254965724e-07,
        -1.6509355305061035e-07,
        1.848588624397962e-07,
        7.191264472794501e-08,
        -7.049099792766356e-08,
        -2.6087429105814408e-08,
        5.071385658084182e-06,
        -8.83886954738955e-08,
        5.4509019520310176e-08,
        3.4223086231577327e-07,
        1.9768290826505108e-07,
        2.5834421535364527e-07
      ],
      [
        1.0864256161369212e-08,
        1.1873392047334619e-08,
        4.979285961326241e-08,
        1.522001902287684e-08,
        -2.2027961676940322e-08,
        -1.217342457948689e-07,
        3.567535244997089e-08,
        7.304008420305763e-08,
        6.468891644573205e-09,
        1.3441308510664385e-07,
        1.0648149029179876e-08,
        -1.2505687152497558e-07,
        -5.907195941290411e-07,
        -3.9818253583234764e-08,
        7.894691833598699e-08,
        1.1235606223181094e-07,
        5.239941174295382e-07,
        -8.83886954738955e-08,
        2.3210150175145827e-06,
        7.115435352034183e-09,
        3.5429998490599246e-08,
        -3.90688285278884e-07,
        1.2226293222283857e-07
      ],
      [
        8.027527087506314e-09,
        3.297839867855146e-08,
        -9.375911247389013e-08,
        -9.062089745270896e-09,
        -6.604964397638469e-08,
        2.3393498693735637e-08,
        1.4000230308397477e-08,
        5.391297719370414e-08,
        -8.125851991280797e-08,
        4.7498367905518535e-08,
        1.655556580715256e-08,
        -7.242326205414429e-08,
        -4.1734914191238204e-08,
        8.297566012060997e-08,
        9.662976907520715e-08,
        -6.512738792707751e-08,
        -2.742540914368874e-07,
        5.4509019520310176e-08,
        7.115435352034183e-09,
        1.6862377378856763e-06,
        2.3698841999930664e-08,
        1.3517319530365057e-07,
        2.1275896244787873e-07
      ],
      [
        -3.6485388932305796e-08,
        5.895130428257289e-08,
        1.679503647267211e-08,
        1.0909214154253277e-07,
        2.470270210608305e-09,
        2.32341985650919e-08,
        -2.67511417462174e-08,
        1.1142286382437305e-07,
        6.688884468530887e-08,
        -2.415805866462506e-08,
        -4.488542160174802e-08,
        6.065947388833592e-08,
        -1.416972672529937e-08,
        4.481407955836403e-08,
        -1.433702152553451e-07,
        -1.7317729472665633e-08,
        3.7430137922456197e-07,
        3.4223086231577327e-07,
        3.5429998490599246e-08,
        2.3698841999930664e-08,
        2.4563000806665514e-06,
        2.009480084552706e-07,
        1.6419919290910912e-07
      ],
      [
        3.4076062860322054e-08,
        -3.2969730057175184e-08,
        -2.3400971826958994e-07,
        -5.292819338365007e-08,
        2.796605436117261e-08,
        -1.6760653309688678e-08,
        3.126609016135262e-08,
        3.3076418048949563e-07,
        -9.357365371442938e-08,
        8.875085666382176e-10,
        1.4729706343530324e-09,
        3.8696276760674664e-07,
        1.636289397310975e-07,
        -2.5048504426194995e-07,
        1.4607627996099382e-08,
        1.3726339602726512e-06,
        -2.45435762735724e-06,
        1.9768290826505108e-07,
        -3.90688285278884e-07,
        1.3517319530365057e-07,
        2.009480084552706e-07,
        1.0811172614921816e-05,
        2.065594344458077e-06
      ],
      [
        2.0223689389808897e-08,
        -1.5812061349151918e-07,
        1.3427900569240592e-07,
        7.498600496091967e-08,
        -4.916929796650038e-08,
        -7.552037573077541e-07,
        1.804614413458694e-07,
        2.5053017793652543e-07,
        2.99631892630714e-07,
        2.8050021683156956e-07,
        -3.0351465341027506e-08,
        6.638875333919714e-07,
        -1.0186705878822977e-07,
        -7.4112609382837036e-09,
        -5.103295279695885e-07,
        2.1639373244397575e-06,
        -1.1833208191092126e-06,
        2.5834421535364527e-07,
        1.2226293222283857e-07,
        2.1275896244787873e-07,
        1.6419919290910912e-07,
        2.065594344458077e-06,
        1.3142947864253074e-05
      ]
    ],
    "alpha": 2.0,
    "description": "PGDR N(p*, 2.0\u03a3)"
  },
  "training": {
    "algorithm": "PPO",
    "num_envs": 4096,
    "num_steps": 64,
    "total_timesteps": 500000000,
    "learning_rate": 0.0001,
    "gamma": 0.99,
    "gae_lambda": 0.95,
    "clip_eps": 0.2,
    "entropy_coef": 0.03,
    "value_coef": 0.5,
    "max_grad_norm": 0.5,
    "num_minibatches": 32,
    "update_epochs": 5,
    "normalize_advantages": true,
    "episode_length": 1000
  },
  "seed": 2
}